# This file uses centimeters as units for non-parametric coordinates.

mtllib Baranda.mtl
g default
v -0.146224 -0.042878 4.162239
v 0.146224 -0.042878 4.162239
v -0.146224 4.614667 4.162239
v 0.146224 4.614667 4.162239
v -0.146224 4.614667 3.869792
v 0.146224 4.614667 3.869792
v -0.146224 -0.042878 3.869792
v 0.146224 -0.042878 3.869792
vt 0.375000 0.000000
vt 0.625000 0.000000
vt 0.375000 0.250000
vt 0.625000 0.250000
vt 0.375000 0.500000
vt 0.625000 0.500000
vt 0.375000 0.750000
vt 0.625000 0.750000
vt 0.375000 1.000000
vt 0.625000 1.000000
vt 0.875000 0.000000
vt 0.875000 0.250000
vt 0.125000 0.000000
vt 0.125000 0.250000
vn -0.707107 0.000000 0.707107
vn 0.707107 0.000000 0.707107
vn 0.707107 0.000000 0.707107
vn -0.707107 0.000000 0.707107
vn 0.000000 1.000000 0.000000
vn 0.000000 1.000000 0.000000
vn 0.000000 1.000000 0.000000
vn 0.000000 1.000000 0.000000
vn -0.707107 0.000000 -0.707107
vn 0.707107 0.000000 -0.707107
vn 0.707107 0.000000 -0.707107
vn -0.707107 0.000000 -0.707107
vn 0.000000 -1.000000 0.000000
vn 0.000000 -1.000000 0.000000
vn 0.000000 -1.000000 0.000000
vn 0.000000 -1.000000 0.000000
s 1
g pCube5
usemtl initialShadingGroup
f 1/1/1 2/2/2 4/4/3 3/3/4
s off
f 3/3/5 4/4/6 6/6/7 5/5/8
s 1
f 5/5/9 6/6/10 8/8/11 7/7/12
s off
f 7/7/13 8/8/14 2/10/15 1/9/16
s 1
f 2/2/2 8/11/11 6/12/10 4/4/3
f 7/13/12 1/1/1 3/3/4 5/14/9
g default
v -0.146224 -0.042878 8.147936
v 0.146224 -0.042878 8.147936
v -0.146224 4.614667 8.147936
v 0.146224 4.614667 8.147936
v -0.146224 4.614667 7.855488
v 0.146224 4.614667 7.855488
v -0.146224 -0.042878 7.855488
v 0.146224 -0.042878 7.855488
vt 0.375000 0.000000
vt 0.625000 0.000000
vt 0.375000 0.250000
vt 0.625000 0.250000
vt 0.375000 0.500000
vt 0.625000 0.500000
vt 0.375000 0.750000
vt 0.625000 0.750000
vt 0.375000 1.000000
vt 0.625000 1.000000
vt 0.875000 0.000000
vt 0.875000 0.250000
vt 0.125000 0.000000
vt 0.125000 0.250000
vn -0.707107 0.000000 0.707107
vn 0.707107 0.000000 0.707107
vn 0.707107 0.000000 0.707107
vn -0.707107 0.000000 0.707107
vn 0.000000 1.000000 0.000000
vn 0.000000 1.000000 0.000000
vn 0.000000 1.000000 0.000000
vn 0.000000 1.000000 0.000000
vn -0.707107 0.000000 -0.707107
vn 0.707107 0.000000 -0.707107
vn 0.707107 0.000000 -0.707107
vn -0.707107 0.000000 -0.707107
vn 0.000000 -1.000000 0.000000
vn 0.000000 -1.000000 0.000000
vn 0.000000 -1.000000 0.000000
vn 0.000000 -1.000000 0.000000
s 1
g pCube7
usemtl initialShadingGroup
f 9/15/17 10/16/18 12/18/19 11/17/20
s off
f 11/17/21 12/18/22 14/20/23 13/19/24
s 1
f 13/19/25 14/20/26 16/22/27 15/21/28
s off
f 15/21/29 16/22/30 10/24/31 9/23/32
s 1
f 10/16/18 16/25/27 14/26/26 12/18/19
f 15/27/28 9/15/17 11/17/20 13/28/25
g default
v -0.266705 4.401439 13.181310
v 0.266705 4.401439 13.181310
v -0.266705 4.934849 13.181310
v 0.266705 4.934849 13.181310
v -0.266705 4.934849 -0.912479
v 0.266705 4.934849 -0.912479
v -0.266705 4.401439 -0.912479
v 0.266705 4.401439 -0.912479
vt 0.375000 0.000000
vt 0.625000 0.000000
vt 0.375000 0.250000
vt 0.625000 0.250000
vt 0.375000 0.500000
vt 0.625000 0.500000
vt 0.375000 0.750000
vt 0.625000 0.750000
vt 0.375000 1.000000
vt 0.625000 1.000000
vt 0.875000 0.000000
vt 0.875000 0.250000
vt 0.125000 0.000000
vt 0.125000 0.250000
vn 0.000000 0.000000 1.000000
vn 0.000000 0.000000 1.000000
vn 0.000000 0.000000 1.000000
vn 0.000000 0.000000 1.000000
vn -0.707107 0.707107 0.000000
vn 0.707107 0.707107 0.000000
vn 0.707107 0.707107 0.000000
vn -0.707107 0.707107 0.000000
vn 0.000000 0.000000 -1.000000
vn 0.000000 0.000000 -1.000000
vn 0.000000 0.000000 -1.000000
vn 0.000000 0.000000 -1.000000
vn -0.707107 -0.707107 0.000000
vn 0.707107 -0.707107 0.000000
vn 0.707107 -0.707107 0.000000
vn -0.707107 -0.707107 0.000000
s off
g pCube9
usemtl initialShadingGroup
f 17/29/33 18/30/34 20/32/35 19/31/36
s 1
f 19/31/37 20/32/38 22/34/39 21/33/40
s off
f 21/33/41 22/34/42 24/36/43 23/35/44
s 1
f 23/35/45 24/36/46 18/38/47 17/37/48
f 18/30/47 24/39/46 22/40/39 20/32/38
f 23/41/45 17/29/48 19/31/37 21/42/40
g default
v -0.146224 -0.042878 12.081264
v 0.146224 -0.042878 12.081264
v -0.146224 4.614667 12.081264
v 0.146224 4.614667 12.081264
v -0.146224 4.614667 11.788816
v 0.146224 4.614667 11.788816
v -0.146224 -0.042878 11.788816
v 0.146224 -0.042878 11.788816
vt 0.375000 0.000000
vt 0.625000 0.000000
vt 0.375000 0.250000
vt 0.625000 0.250000
vt 0.375000 0.500000
vt 0.625000 0.500000
vt 0.375000 0.750000
vt 0.625000 0.750000
vt 0.375000 1.000000
vt 0.625000 1.000000
vt 0.875000 0.000000
vt 0.875000 0.250000
vt 0.125000 0.000000
vt 0.125000 0.250000
vn -0.707107 0.000000 0.707107
vn 0.707107 0.000000 0.707107
vn 0.707107 0.000000 0.707107
vn -0.707107 0.000000 0.707107
vn 0.000000 1.000000 0.000000
vn 0.000000 1.000000 0.000000
vn 0.000000 1.000000 0.000000
vn 0.000000 1.000000 0.000000
vn -0.707107 0.000000 -0.707107
vn 0.707107 0.000000 -0.707107
vn 0.707107 0.000000 -0.707107
vn -0.707107 0.000000 -0.707107
vn 0.000000 -1.000000 0.000000
vn 0.000000 -1.000000 0.000000
vn 0.000000 -1.000000 0.000000
vn 0.000000 -1.000000 0.000000
s 1
g pCube8
usemtl initialShadingGroup
f 25/43/49 26/44/50 28/46/51 27/45/52
s off
f 27/45/53 28/46/54 30/48/55 29/47/56
s 1
f 29/47/57 30/48/58 32/50/59 31/49/60
s off
f 31/49/61 32/50/62 26/52/63 25/51/64
s 1
f 26/44/50 32/53/59 30/54/58 28/46/51
f 31/55/60 25/43/49 27/45/52 29/56/57
g default
v -0.146224 -0.042878 0.146224
v 0.146224 -0.042878 0.146224
v -0.146224 4.614667 0.146224
v 0.146224 4.614667 0.146224
v -0.146224 4.614667 -0.146224
v 0.146224 4.614667 -0.146224
v -0.146224 -0.042878 -0.146224
v 0.146224 -0.042878 -0.146224
vt 0.375000 0.000000
vt 0.625000 0.000000
vt 0.375000 0.250000
vt 0.625000 0.250000
vt 0.375000 0.500000
vt 0.625000 0.500000
vt 0.375000 0.750000
vt 0.625000 0.750000
vt 0.375000 1.000000
vt 0.625000 1.000000
vt 0.875000 0.000000
vt 0.875000 0.250000
vt 0.125000 0.000000
vt 0.125000 0.250000
vn -0.707107 0.000000 0.707107
vn 0.707107 0.000000 0.707107
vn 0.707107 0.000000 0.707107
vn -0.707107 0.000000 0.707107
vn 0.000000 1.000000 0.000000
vn 0.000000 1.000000 0.000000
vn 0.000000 1.000000 0.000000
vn 0.000000 1.000000 0.000000
vn -0.707107 0.000000 -0.707107
vn 0.707107 0.000000 -0.707107
vn 0.707107 0.000000 -0.707107
vn -0.707107 0.000000 -0.707107
vn 0.000000 -1.000000 0.000000
vn 0.000000 -1.000000 0.000000
vn 0.000000 -1.000000 0.000000
vn 0.000000 -1.000000 0.000000
s 1
g pCube3
usemtl initialShadingGroup
f 33/57/65 34/58/66 36/60/67 35/59/68
s off
f 35/59/69 36/60/70 38/62/71 37/61/72
s 1
f 37/61/73 38/62/74 40/64/75 39/63/76
s off
f 39/63/77 40/64/78 34/66/79 33/65/80
s 1
f 34/58/66 40/67/75 38/68/74 36/60/67
f 39/69/76 33/57/65 35/59/68 37/70/73
